0100100
1001101
0011010
0000100
0000001
0000001
1001101
0001000
0000011
0011001
0001000
0011111
1001101
0000000
0010100
1001101
0000011
0001100
0000000
0001000
1000001
1001101
0001111
0011000
0011001
1001101
0000100
0011001
1001101
0000100
0011110
1001101
0000011
0000010
0011001
1001101
0000111
0011000
0011110
0011001
1001101
0001100
1001101
0000011
0001100
0000000
0001000
1001101
0011001
0000101
0001100
0011001
1001101
0000100
0011110
1001101
0001100
1001101
0000011
0001100
0000000
0001000
1000001
1001101
0001111
0011000
0011001
1001101
0001100
1001101
0000011
0001100
0000000
0001000
1001101
0011001
0000101
0001100
0011001
1001101
0001001
0001000
0001011
0000100
0000011
0001000
0011110
1001101
0011110
0000010
0000000
0001000
0000010
0000011
0001000
1001101
0001111
0010100
1001101
0011001
0000101
0001000
0000100
0011111
1001101
0000011
0001100
0000000
0001000
1000011
1001101
0101100
1001101
0000011
0001100
0000000
0001000
1001101
0011010
0000101
0000100
0001110
0000101
1001101
0000100
0011110
1001101
0001100
1001101
0000011
0001100
0000000
0001000
1000001
1001101
0001100
0000011
0001001
1001101
0000011
0000010
0000011
0001000
0011001
0000101
0001000
0000001
0001000
0011110
0011110
1001101
0000100
0011110
1001101
0001100
1001101
0000011
0001100
0000000
0001000
1001101
0011001
0000101
0001100
0011001
1001101
0011001
0000101
0000010
0011110
0001000
1001101
0011010
0000101
0000010
1001101
0001100
0011111
0001000
1001101
0001111
0000010
0000001
0001001
1001101
0011110
0011001
0001100
0000011
0001001
1001101
0001111
0010100
1000011
Ciphertext: $MSUBEOTSOHSOHMBSETXEMBSUSMNULDC4METXFFNULBSAMSICANEMMEOTEMMEOTRSMETXSTXEMMBELCANRSEMMFFMETXFFNULBSMEMENQFFEMMEOTRSMFFMETXFFNULBSAMSICANEMMFFMETXFFNULBSMEMENQFFEMMTABBSVTEOTETXBSRSMRSSTXNULBSSTXETXBSMSIDC4MEMENQBSEOTUSMETXFFNULBSCM,METXFFNULBSMSUBENQEOTSOENQMEOTRSMFFMETXFFNULBSAMFFETXTABMETXSTXETXBSEMENQBSSOHBSRSRSMEOTRSMFFMETXFFNULBSMEMENQFFEMMEMENQSTXRSBSMSUBENQSTXMFFUSBSMSISTXSOHTABMRSEMFFETXTABMSIDC4C
